<?xml version="1.0"?>
<opencv_storage>
<Intrinsics type_id="opencv-matrix">
  <rows>3</rows>
  <cols>3</cols>
  <dt>f</dt>
  <data>
    3.74630298e+003 0. 3.87938812e+002 0. 3.89045605e+003
    1.96320465e+002 0. 0. 1.</data></Intrinsics>
</opencv_storage>
